-- Cheat Sheet to test the SAT solver, put the desired combinations in the 'cnf.in' file
so they don't show up as a solution---------

---------- Combination of 8 where every cell is dead
1 2 3 4 5 6 7 8 9 0

---------- Combination of 8 where 1 cell is alive
1 -2 3 4 5 6 7 8 9 0
1 2 -3 4 5 6 7 8 9 0
1 2 3 -4 5 6 7 8 9 0
1 2 3 4 -5 6 7 8 9 0
1 2 3 4 5 -6 7 8 9 0
1 2 3 4 5 6 -7 8 9 0
1 2 3 4 5 6 7 -8 9 0
1 2 3 4 5 6 7 8 -9 0

---------- Combination of 8 where 2 cells are alive
1 -2 -3 4 5 6 7 8 9 0
1 -2 3 -4 5 6 7 8 9 0
1 -2 3 4 -5 6 7 8 9 0
1 -2 3 4 5 -6 7 8 9 0
1 -2 3 4 5 6 -7 8 9 0
1 -2 3 4 5 6 7 -8 9 0
1 -2 3 4 5 6 7 8 -9 0
1 2 -3 -4 5 6 7 8 9 0
1 2 -3 4 -5 6 7 8 9 0
1 2 -3 4 5 -6 7 8 9 0
1 2 -3 4 5 6 -7 8 9 0
1 2 -3 4 5 6 7 -8 9 0
1 2 -3 4 5 6 7 8 -9 0
1 2 3 -4 -5 6 7 8 9 0
1 2 3 -4 5 -6 7 8 9 0
1 2 3 -4 5 6 -7 8 9 0
1 2 3 -4 5 6 7 -8 9 0
1 2 3 -4 5 6 7 8 -9 0
1 2 3 4 -5 -6 7 8 9 0
1 2 3 4 -5 6 -7 8 9 0
1 2 3 4 -5 6 7 -8 9 0
1 2 3 4 -5 6 7 8 -9 0
1 2 3 4 5 -6 -7 8 9 0
1 2 3 4 5 -6 7 -8 9 0
1 2 3 4 5 -6 7 8 -9 0
1 2 3 4 5 6 -7 -8 9 0
1 2 3 4 5 6 -7 8 -9 0
1 2 3 4 5 6 7 -8 -9 0

---------- Combination of 8 where 3 cells are alive
-1 -2 -3 -4 5 6 7 8 9 0
-1 -2 -3 4 -5 6 7 8 9 0
-1 -2 -3 4 5 -6 7 8 9 0
-1 -2 -3 4 5 6 -7 8 9 0
-1 -2 -3 4 5 6 7 -8 9 0
-1 -2 -3 4 5 6 7 8 -9 0
-1 -2 3 -4 -5 6 7 8 9 0
-1 -2 3 -4 5 -6 7 8 9 0
-1 -2 3 -4 5 6 -7 8 9 0
-1 -2 3 -4 5 6 7 -8 9 0
-1 -2 3 -4 5 6 7 8 -9 0
-1 -2 3 4 -5 -6 7 8 9 0
-1 -2 3 4 -5 6 -7 8 9 0
-1 -2 3 4 -5 6 7 -8 9 0
-1 -2 3 4 -5 6 7 8 -9 0
-1 -2 3 4 5 -6 -7 8 9 0
-1 -2 3 4 5 -6 7 -8 9 0
-1 -2 3 4 5 -6 7 8 -9 0
-1 -2 3 4 5 6 -7 -8 9 0
-1 -2 3 4 5 6 -7 8 -9 0
-1 -2 3 4 5 6 7 -8 -9 0
-1 2 -3 -4 -5 6 7 8 9 0
-1 2 -3 -4 5 -6 7 8 9 0
-1 2 -3 -4 5 6 -7 8 9 0
-1 2 -3 -4 5 6 7 -8 9 0
-1 2 -3 -4 5 6 7 8 -9 0
-1 2 -3 4 -5 -6 7 8 9 0
-1 2 -3 4 -5 6 -7 8 9 0
-1 2 -3 4 -5 6 7 -8 9 0
-1 2 -3 4 -5 6 7 8 -9 0
-1 2 -3 4 5 -6 -7 8 9 0
-1 2 -3 4 5 -6 7 -8 9 0
-1 2 -3 4 5 -6 7 8 -9 0
-1 2 -3 4 5 6 -7 -8 9 0
-1 2 -3 4 5 6 -7 8 -9 0
-1 2 -3 4 5 6 7 -8 -9 0
-1 2 3 -4 -5 -6 7 8 9 0
-1 2 3 -4 -5 6 -7 8 9 0
-1 2 3 -4 -5 6 7 -8 9 0
-1 2 3 -4 -5 6 7 8 -9 0
-1 2 3 -4 5 -6 -7 8 9 0
-1 2 3 -4 5 -6 7 -8 9 0
-1 2 3 -4 5 -6 7 8 -9 0
-1 2 3 -4 5 6 -7 -8 9 0
-1 2 3 -4 5 6 -7 8 -9 0
-1 2 3 -4 5 6 7 -8 -9 0
-1 2 3 4 -5 -6 -7 8 9 0
-1 2 3 4 -5 -6 7 -8 9 0
-1 2 3 4 -5 -6 7 8 -9 0
-1 2 3 4 -5 6 -7 -8 9 0
-1 2 3 4 -5 6 -7 8 -9 0
-1 2 3 4 -5 6 7 -8 -9 0
-1 2 3 4 5 -6 -7 -8 9 0
-1 2 3 4 5 -6 -7 8 -9 0
-1 2 3 4 5 -6 7 -8 -9 0
-1 2 3 4 5 6 -7 -8 -9 0